11111111111111111111111111111111111111111111111111
11111111111111111111111111111111111111111111111111
22                                              22
22                                              22
22               2                              22
22               2                              22
22               2                              22
22D  C           2                              22
22               2                              22
22               2                              22
1111111111111111111111                          22
1111111111111111111112                          22
1111111111111111111112                          22
1111111111111111111112                          22
22                                              22
22                                              22
22                       1111                   22
22                       2112                   22
22                       2112                   22
22                       2112                   22
22                                              22
22                                              22
22                                              22
22                1111                 111111   22
22                2112         1111111111111111111
22                2112         2111111111111111111
22                2112         2111111111111111111
22                             2111111111111111111
22                                              22
22                                              22
22       11111                                  22
22       21112                                  22
22       21112                                  22
22       21112                                  22
22                                              22
22                                              22
22                                              22
22                                              22
22                                              22
22                                              22
22                                              22
22                                            D 22
22                                              22
22                                              22
11111111111111111111111111111111111111111111111111
11111111111111111111111111111111111111111111111111